[gd_scene load_steps=5 format=2]

[ext_resource path="res://assets/meshes/Animated Human by @Quaternius/Animated Human.tscn" type="PackedScene" id=1]
[ext_resource path="res://player/player.gd" type="Script" id=2]
[ext_resource path="res://engine/Camera.gd" type="Script" id=3]

[sub_resource type="CapsuleShape" id=2]
radius = 0.671573
height = 3.30946

[node name="player" type="KinematicBody"]
collision_layer = 2
collision_mask = 9
script = ExtResource( 2 )

[node name="Animated Human" parent="." instance=ExtResource( 1 )]

[node name="BoneAttachment" parent="Animated Human/Human Armature/Skeleton" index="1"]
transform = Transform( 0.7069, 0.236587, -0.666571, -0.560878, 0.761662, -0.324474, 0.430938, 0.603236, 0.671117, 1.25697, 1.12381, -3.53529 )

[node name="damage_collider" parent="Animated Human/Human Armature/Skeleton/BoneAttachment" index="0"]
transform = Transform( 0.997629, 0.0614959, 0.0308739, -0.0660269, 0.981815, 0.17798, -0.0193672, -0.179598, 0.98355, 0.0248219, 0.121033, 0.0395401 )
monitoring = true
monitorable = true
collision_layer = 8
collision_mask = 8

[node name="CollisionShape" type="CollisionShape" parent="."]
transform = Transform( 1, 0, 0, 0, -1.62921e-07, -1, 0, 1, -1.62921e-07, 0, 2.70304, 0 )
shape = SubResource( 2 )

[node name="Camera" type="Camera" parent="."]
transform = Transform( 1, 0, 0, 0, 0.923492, 0.383618, 0, -0.383618, 0.923492, 0, 10, 10 )
current = true
fov = 69.7527
script = ExtResource( 3 )
[connection signal="area_entered" from="Animated Human/Human Armature/Skeleton/BoneAttachment/damage_collider" to="." method="_on_damage_collider_area_entered"]

[editable path="Animated Human"]
